                                  SLA Leaf_Thickness_cm Aboveground_Dry_Weight_g
SLA                       1.000000000      -0.004265812               0.01802498
Leaf_Thickness_cm        -0.004265812       1.000000000               0.76840136
Aboveground_Dry_Weight_g  0.018024979       0.768401364               1.00000000
Leaf_Number               0.126405154       0.348526791               0.64063536
Plant_Height_cm          -0.013642214       0.706702792               0.68971294
Plant_Area               -0.012097812       0.676195776               0.80172531
Focal_Root_Weight_g       0.058944659       0.327433359               0.52581438
Total_BeG_Weight_g       -0.042471042       0.188083513               0.04390370
SRL                      -0.021364221      -0.051448274              -0.29882840
Root_Diam_Max             0.039897040       0.344755139               0.41663451
Root_Diam_Mean            0.230630631       0.157576496               0.28904341
F_Leaf_Stage              0.183845607       0.429772025               0.63556165
PercentN_AbG             -0.059993566       0.051788107               0.11971151
PercentC_AbG              0.063847591      -0.151271618              -0.18079969
PercentN_BeG              0.437850039      -0.133640470               0.17013330
PercentC_BeG             -0.026512227       0.203724822              -0.12527360
S_Leaf_Stage              0.137444308       0.268140039               0.54238698
                         Leaf_Number Plant_Height_cm  Plant_Area
SLA                       0.12640515     -0.01364221 -0.01209781
Leaf_Thickness_cm         0.34852679      0.70670279  0.67619578
Aboveground_Dry_Weight_g  0.64063536      0.68971294  0.80172531
Leaf_Number               1.00000000      0.22428812  0.54231052
Plant_Height_cm           0.22428812      1.00000000  0.73976834
Plant_Area                0.54231052      0.73976834  1.00000000
Focal_Root_Weight_g       0.44974306      0.30141570  0.47670528
Total_BeG_Weight_g       -0.01529826      0.20823681  0.26229086
SRL                      -0.35095257      0.02213642 -0.19819820
Root_Diam_Max             0.33824723      0.33770914  0.19716860
Root_Diam_Mean            0.23453018      0.05997426 -0.05405405
F_Leaf_Stage              0.57856081      0.49094986  0.58463164
PercentN_AbG              0.39840168     -0.14650789  0.15719344
PercentC_AbG              0.29104734     -0.23247732 -0.05020274
PercentN_BeG              0.36208902      0.00411973  0.10505311
PercentC_BeG             -0.24580941      0.06769627 -0.09935650
S_Leaf_Stage              0.87751277      0.13653494  0.34426032
                         Focal_Root_Weight_g Total_BeG_Weight_g         SRL
SLA                               0.05894466        -0.04247104 -0.02136422
Leaf_Thickness_cm                 0.32743336         0.18808351 -0.05144827
Aboveground_Dry_Weight_g          0.52581438         0.04390370 -0.29882840
Leaf_Number                       0.44974306        -0.01529826 -0.35095257
Plant_Height_cm                   0.30141570         0.20823681  0.02213642
Plant_Area                        0.47670528         0.26229086 -0.19819820
Focal_Root_Weight_g               1.00000000         0.31685972 -0.42059202
Total_BeG_Weight_g                0.31685972         1.00000000 -0.03294723
SRL                              -0.42059202        -0.03294723  1.00000000
Root_Diam_Max                     0.44247104        -0.02857143 -0.03989704
Root_Diam_Mean                    0.26743887        -0.08056628 -0.51891892
F_Leaf_Stage                      0.44078645         0.09576649 -0.35557382
PercentN_AbG                      0.35545544        -0.02677824 -0.35558418
PercentC_AbG                     -0.09525649        -0.15073695  0.05792624
PercentN_BeG                      0.10917284        -0.09913100 -0.27074350
PercentC_BeG                     -0.49575290        -0.02728443  0.46306306
S_Leaf_Stage                      0.36387666        -0.16147758 -0.24059249
                         Root_Diam_Max Root_Diam_Mean F_Leaf_Stage PercentN_AbG
SLA                       0.0398970399     0.23063063  0.183845607 -0.059993566
Leaf_Thickness_cm         0.3447551394     0.15757650  0.429772025  0.051788107
Aboveground_Dry_Weight_g  0.4166345103     0.28904341  0.635561652  0.119711508
Leaf_Number               0.3382472280     0.23453018  0.578560812  0.398401677
Plant_Height_cm           0.3377091377     0.05997426  0.490949855 -0.146507893
Plant_Area                0.1971685972    -0.05405405  0.584631635  0.157193442
Focal_Root_Weight_g       0.4424710425     0.26743887  0.440786455  0.355455442
Total_BeG_Weight_g       -0.0285714286    -0.08056628  0.095766492 -0.026778244
SRL                      -0.0398970399    -0.51891892 -0.355573820 -0.355584183
Root_Diam_Max             1.0000000000     0.51840412  0.215376887  0.134792411
Root_Diam_Mean            0.5184041184     1.00000000  0.300068343  0.030383008
F_Leaf_Stage              0.2153768872     0.30006834  1.000000000  0.000521346
PercentN_AbG              0.1347924112     0.03038301  0.000521346  1.000000000
PercentC_AbG              0.0005148999    -0.13734956  0.017006722  0.521890295
PercentN_BeG              0.1723849462     0.26031543  0.078592904  0.187508049
PercentC_BeG             -0.1907335907    -0.15855856 -0.186060614 -0.445188308
S_Leaf_Stage              0.4841729059     0.33971348  0.323668150  0.481729736
                          PercentC_AbG PercentN_BeG PercentC_BeG S_Leaf_Stage
SLA                       0.0638475908   0.43785004  -0.02651223    0.1374443
Leaf_Thickness_cm        -0.1512716180  -0.13364047   0.20372482    0.2681400
Aboveground_Dry_Weight_g -0.1807996943   0.17013330  -0.12527360    0.5423870
Leaf_Number               0.2910473394   0.36208902  -0.24580941    0.8775128
Plant_Height_cm          -0.2324773166   0.00411973   0.06769627    0.1365349
Plant_Area               -0.0502027428   0.10505311  -0.09935650    0.3442603
Focal_Root_Weight_g      -0.0952564863   0.10917284  -0.49575290    0.3638767
Total_BeG_Weight_g       -0.1507369533  -0.09913100  -0.02728443   -0.1614776
SRL                       0.0579262417  -0.27074350   0.46306306   -0.2405925
Root_Diam_Max             0.0005148999   0.17238495  -0.19073359    0.4841729
Root_Diam_Mean           -0.1373495552   0.26031543  -0.15855856    0.3397135
F_Leaf_Stage              0.0170067219   0.07859290  -0.18606061    0.3236681
PercentN_AbG              0.5218902953   0.18750805  -0.44518831    0.4817297
PercentC_AbG              1.0000000000   0.20280711  -0.18034370    0.3865556
PercentN_BeG              0.2028071096   1.00000000  -0.44415838    0.4504764
PercentC_BeG             -0.1803436991  -0.44415838   1.00000000   -0.2103236
S_Leaf_Stage              0.3865555535   0.45047643  -0.21032357    1.0000000
